image_width: 640
image_height: 480
camera_name: head_camera
camera_matrix:
  rows: 3
  cols: 3
  data: [617.436828613281, 0, 326.484985351562, 0, 617.313415527344, 235.550384521484, 0, 0, 1]
distortion_model: plumb_bob
distortion_coefficients:
  rows: 1
  cols: 5
  data: [0, 0, 0, 0, 0]
rectification_matrix:
  rows: 3
  cols: 3
  data: [1, 0, 0, 0, 1, 0, 0, 0, 1]
projection_matrix:
  rows: 3
  cols: 4
  data: [617.436828613281, 0, 326.484985351562, 0, 0, 617.313415527344, 235.550384521484, 0, 0, 0, 1, 0]
